spawns:
  default:
    world: 1f020673-072d-4777-ad6b-fc95fb6b208d
    world-name: world
    x: 125.34544872636427
    y: 64.0
    z: 187.16395060958135
    yaw: -139.42431640625
    pitch: 14.249980926513672
