spawns:
  default:
    world: 65624c87-80fa-44a4-a967-3fe42a2a777d
    world-name: world
    x: 67.18934397730186
    y: 68.0
    z: 79.57838960876784
    yaw: 145.5765380859375
    pitch: 14.53792953491211
